1 , (100, 2, 1) , [100]
1 , (100, 3, 2) , [99]
2 , (100, 4, 2) , [99, 100]
1 , (100, 4, 3) , [98]
3 , (100, 6, 3) , [98, 99, 100]
1 , (100, 5, 4) , [97]
2 , (100, 6, 4) , [97, 98]
4 , (100, 8, 4) , [97, 98, 99, 100]
1 , (100, 6, 5) , [96]
5 , (100, 10, 5) , [96, 97, 98, 99, 100]
1 , (100, 7, 6) , [95]
2 , (100, 8, 6) , [95, 96]
3 , (100, 9, 6) , [95, 96, 97]
6 , (100, 12, 6) , [95, 96, 97, 98, 99, 100]
1 , (100, 8, 7) , [94]
7 , (100, 14, 7) , [94, 95, 96, 97, 98, 99, 100]
1 , (100, 9, 8) , [93]
2 , (100, 10, 8) , [93, 94]
4 , (100, 12, 8) , [93, 94, 95, 96]
8 , (100, 16, 8) , [93, 94, 95, 96, 97, 98, 99, 100]
1 , (100, 10, 9) , [92]
3 , (100, 12, 9) , [92, 93, 94]
9 , (100, 18, 9) , [92, 93, 94, 95, 96, 97, 98, 99, 100]
1 , (100, 11, 10) , [91]
2 , (100, 12, 10) , [91, 92]
5 , (100, 15, 10) , [91, 92, 93, 94, 95]
10 , (100, 20, 10) , [91, 92, 93, 94, 95, 96, 97, 98, 99, 100]
1 , (100, 12, 11) , [90]
11 , (100, 22, 11) , [90, 91, 92, 93, 94, 95, 96, 97, 98, 99, 100]
1 , (100, 13, 12) , [89]
2 , (100, 14, 12) , [89, 90]
3 , (100, 15, 12) , [89, 90, 91]
4 , (100, 16, 12) , [89, 90, 91, 92]
6 , (100, 18, 12) , [89, 90, 91, 92, 93, 94]
12 , (100, 24, 12) , [89, 90, 91, 92, 93, 94, 95, 96, 97, 98, 99, 100]
1 , (100, 14, 13) , [88]
13 , (100, 26, 13) , [88, 89, 90, 91, 92, 93, 94, 95, 96, 97, 98, 99, 100]
1 , (100, 15, 14) , [87]
2 , (100, 16, 14) , [87, 88]
7 , (100, 21, 14) , [87, 88, 89, 90, 91, 92, 93]
14 , (100, 28, 14) , [87, 88, 89, 90, 91, 92, 93, 94, 95, 96, 97, 98, 99, 100]
1 , (100, 16, 15) , [86]
3 , (100, 18, 15) , [86, 87, 88]
5 , (100, 20, 15) , [86, 87, 88, 89, 90]
15 , (100, 30, 15) , [86, 87, 88, 89, 90, 91, 92, 93, 94, 95, 96, 97, 98, 99, 100]
1 , (100, 17, 16) , [85]
2 , (100, 18, 16) , [85, 86]
4 , (100, 20, 16) , [85, 86, 87, 88]
8 , (100, 24, 16) , [85, 86, 87, 88, 89, 90, 91, 92]
16 , (100, 32, 16) , [85, 86, 87, 88, 89, 90, 91, 92, 93, 94, 95, 96, 97, 98, 99, 100]
1 , (100, 18, 17) , [84]
17 , (100, 34, 17) , [84, 85, 86, 87, 88, 89, 90, 91, 92, 93, 94, 95, 96, 97, 98, 99, 100]
1 , (100, 19, 18) , [83]
2 , (100, 20, 18) , [83, 84]
3 , (100, 21, 18) , [83, 84, 85]
6 , (100, 24, 18) , [83, 84, 85, 86, 87, 88]
9 , (100, 27, 18) , [83, 84, 85, 86, 87, 88, 89, 90, 91]
18 , (100, 36, 18) , [83, 84, 85, 86, 87, 88, 89, 90, 91, 92, 93, 94, 95, 96, 97, 98, 99, 100]
1 , (100, 20, 19) , [82]
19 , (100, 38, 19) , [82, 83, 84, 85, 86, 87, 88, 89, 90, 91, 92, 93, 94, 95, 96, 97, 98, 99, 100]
1 , (100, 21, 20) , [81]
2 , (100, 22, 20) , [81, 82]
4 , (100, 24, 20) , [81, 82, 83, 84]
5 , (100, 25, 20) , [81, 82, 83, 84, 85]
10 , (100, 30, 20) , [81, 82, 83, 84, 85, 86, 87, 88, 89, 90]
20 , (100, 40, 20) , [81, 82, 83, 84, 85, 86, 87, 88, 89, 90, 91, 92, 93, 94, 95, 96, 97, 98, 99, 100]
1 , (100, 22, 21) , [80]
3 , (100, 24, 21) , [80, 81, 82]
7 , (100, 28, 21) , [80, 81, 82, 83, 84, 85, 86]
21 , (100, 42, 21) , [80, 81, 82, 83, 84, 85, 86, 87, 88, 89, 90, 91, 92, 93, 94, 95, 96, 97, 98, 99, 100]
1 , (100, 23, 22) , [79]
2 , (100, 24, 22) , [79, 80]
11 , (100, 33, 22) , [79, 80, 81, 82, 83, 84, 85, 86, 87, 88, 89]
22 , (100, 44, 22) , [79, 80, 81, 82, 83, 84, 85, 86, 87, 88, 89, 90, 91, 92, 93, 94, 95, 96, 97, 98, 99, 100]
1 , (100, 24, 23) , [78]
23 , (100, 46, 23) , [78, 79, 80, 81, 82, 83, 84, 85, 86, 87, 88, 89, 90, 91, 92, 93, 94, 95, 96, 97, 98, 99, 100]
1 , (100, 25, 24) , [77]
2 , (100, 26, 24) , [77, 78]
3 , (100, 27, 24) , [77, 78, 79]
4 , (100, 28, 24) , [77, 78, 79, 80]
6 , (100, 30, 24) , [77, 78, 79, 80, 81, 82]
8 , (100, 32, 24) , [77, 78, 79, 80, 81, 82, 83, 84]
12 , (100, 36, 24) , [77, 78, 79, 80, 81, 82, 83, 84, 85, 86, 87, 88]
24 , (100, 48, 24) , [77, 78, 79, 80, 81, 82, 83, 84, 85, 86, 87, 88, 89, 90, 91, 92, 93, 94, 95, 96, 97, 98, 99, 100]
1 , (100, 26, 25) , [76]
5 , (100, 30, 25) , [76, 77, 78, 79, 80]
25 , (100, 50, 25) , [76, 77, 78, 79, 80, 81, 82, 83, 84, 85, 86, 87, 88, 89, 90, 91, 92, 93, 94, 95, 96, 97, 98, 99, 100]
1 , (100, 27, 26) , [75]
2 , (100, 28, 26) , [75, 76]
13 , (100, 39, 26) , [75, 76, 77, 78, 79, 80, 81, 82, 83, 84, 85, 86, 87]
26 , (100, 52, 26) , [75, 76, 77, 78, 79, 80, 81, 82, 83, 84, 85, 86, 87, 88, 89, 90, 91, 92, 93, 94, 95, 96, 97, 98, 99, 100]
1 , (100, 28, 27) , [74]
3 , (100, 30, 27) , [74, 75, 76]
9 , (100, 36, 27) , [74, 75, 76, 77, 78, 79, 80, 81, 82]
27 , (100, 54, 27) , [74, 75, 76, 77, 78, 79, 80, 81, 82, 83, 84, 85, 86, 87, 88, 89, 90, 91, 92, 93, 94, 95, 96, 97, 98, 99, 100]
1 , (100, 29, 28) , [73]
2 , (100, 30, 28) , [73, 74]
4 , (100, 32, 28) , [73, 74, 75, 76]
7 , (100, 35, 28) , [73, 74, 75, 76, 77, 78, 79]
14 , (100, 42, 28) , [73, 74, 75, 76, 77, 78, 79, 80, 81, 82, 83, 84, 85, 86]
28 , (100, 56, 28) , [73, 74, 75, 76, 77, 78, 79, 80, 81, 82, 83, 84, 85, 86, 87, 88, 89, 90, 91, 92, 93, 94, 95, 96, 97, 98, 99, 100]
1 , (100, 30, 29) , [72]
29 , (100, 58, 29) , [72, 73, 74, 75, 76, 77, 78, 79, 80, 81, 82, 83, 84, 85, 86, 87, 88, 89, 90, 91, 92, 93, 94, 95, 96, 97, 98, 99, 100]
1 , (100, 31, 30) , [71]
2 , (100, 32, 30) , [71, 72]
3 , (100, 33, 30) , [71, 72, 73]
5 , (100, 35, 30) , [71, 72, 73, 74, 75]
6 , (100, 36, 30) , [71, 72, 73, 74, 75, 76]
10 , (100, 40, 30) , [71, 72, 73, 74, 75, 76, 77, 78, 79, 80]
15 , (100, 45, 30) , [71, 72, 73, 74, 75, 76, 77, 78, 79, 80, 81, 82, 83, 84, 85]
30 , (100, 60, 30) , [71, 72, 73, 74, 75, 76, 77, 78, 79, 80, 81, 82, 83, 84, 85, 86, 87, 88, 89, 90, 91, 92, 93, 94, 95, 96, 97, 98, 99, 100]
1 , (100, 32, 31) , [70]
31 , (100, 62, 31) , [70, 71, 72, 73, 74, 75, 76, 77, 78, 79, 80, 81, 82, 83, 84, 85, 86, 87, 88, 89, 90, 91, 92, 93, 94, 95, 96, 97, 98, 99, 100]
1 , (100, 33, 32) , [69]
2 , (100, 34, 32) , [69, 70]
4 , (100, 36, 32) , [69, 70, 71, 72]
8 , (100, 40, 32) , [69, 70, 71, 72, 73, 74, 75, 76]
16 , (100, 48, 32) , [69, 70, 71, 72, 73, 74, 75, 76, 77, 78, 79, 80, 81, 82, 83, 84]
32 , (100, 64, 32) , [69, 70, 71, 72, 73, 74, 75, 76, 77, 78, 79, 80, 81, 82, 83, 84, 85, 86, 87, 88, 89, 90, 91, 92, 93, 94, 95, 96, 97, 98, 99, 100]
1 , (100, 34, 33) , [68]
3 , (100, 36, 33) , [68, 69, 70]
11 , (100, 44, 33) , [68, 69, 70, 71, 72, 73, 74, 75, 76, 77, 78]
33 , (100, 66, 33) , [68, 69, 70, 71, 72, 73, 74, 75, 76, 77, 78, 79, 80, 81, 82, 83, 84, 85, 86, 87, 88, 89, 90, 91, 92, 93, 94, 95, 96, 97, 98, 99, 100]
1 , (100, 35, 34) , [67]
2 , (100, 36, 34) , [67, 68]
17 , (100, 51, 34) , [67, 68, 69, 70, 71, 72, 73, 74, 75, 76, 77, 78, 79, 80, 81, 82, 83]
34 , (100, 68, 34) , [67, 68, 69, 70, 71, 72, 73, 74, 75, 76, 77, 78, 79, 80, 81, 82, 83, 84, 85, 86, 87, 88, 89, 90, 91, 92, 93, 94, 95, 96, 97, 98, 99, 100]
1 , (100, 36, 35) , [66]
5 , (100, 40, 35) , [66, 67, 68, 69, 70]
7 , (100, 42, 35) , [66, 67, 68, 69, 70, 71, 72]
35 , (100, 70, 35) , [66, 67, 68, 69, 70, 71, 72, 73, 74, 75, 76, 77, 78, 79, 80, 81, 82, 83, 84, 85, 86, 87, 88, 89, 90, 91, 92, 93, 94, 95, 96, 97, 98, 99, 100]
1 , (100, 37, 36) , [65]
2 , (100, 38, 36) , [65, 66]
3 , (100, 39, 36) , [65, 66, 67]
4 , (100, 40, 36) , [65, 66, 67, 68]
6 , (100, 42, 36) , [65, 66, 67, 68, 69, 70]
9 , (100, 45, 36) , [65, 66, 67, 68, 69, 70, 71, 72, 73]
12 , (100, 48, 36) , [65, 66, 67, 68, 69, 70, 71, 72, 73, 74, 75, 76]
18 , (100, 54, 36) , [65, 66, 67, 68, 69, 70, 71, 72, 73, 74, 75, 76, 77, 78, 79, 80, 81, 82]
36 , (100, 72, 36) , [65, 66, 67, 68, 69, 70, 71, 72, 73, 74, 75, 76, 77, 78, 79, 80, 81, 82, 83, 84, 85, 86, 87, 88, 89, 90, 91, 92, 93, 94, 95, 96, 97, 98, 99, 100]
1 , (100, 38, 37) , [64]
37 , (100, 74, 37) , [64, 65, 66, 67, 68, 69, 70, 71, 72, 73, 74, 75, 76, 77, 78, 79, 80, 81, 82, 83, 84, 85, 86, 87, 88, 89, 90, 91, 92, 93, 94, 95, 96, 97, 98, 99, 100]
1 , (100, 39, 38) , [63]
2 , (100, 40, 38) , [63, 64]
19 , (100, 57, 38) , [63, 64, 65, 66, 67, 68, 69, 70, 71, 72, 73, 74, 75, 76, 77, 78, 79, 80, 81]
38 , (100, 76, 38) , [63, 64, 65, 66, 67, 68, 69, 70, 71, 72, 73, 74, 75, 76, 77, 78, 79, 80, 81, 82, 83, 84, 85, 86, 87, 88, 89, 90, 91, 92, 93, 94, 95, 96, 97, 98, 99, 100]
1 , (100, 40, 39) , [62]
3 , (100, 42, 39) , [62, 63, 64]
13 , (100, 52, 39) , [62, 63, 64, 65, 66, 67, 68, 69, 70, 71, 72, 73, 74]
39 , (100, 78, 39) , [62, 63, 64, 65, 66, 67, 68, 69, 70, 71, 72, 73, 74, 75, 76, 77, 78, 79, 80, 81, 82, 83, 84, 85, 86, 87, 88, 89, 90, 91, 92, 93, 94, 95, 96, 97, 98, 99, 100]
1 , (100, 41, 40) , [61]
2 , (100, 42, 40) , [61, 62]
4 , (100, 44, 40) , [61, 62, 63, 64]
5 , (100, 45, 40) , [61, 62, 63, 64, 65]
8 , (100, 48, 40) , [61, 62, 63, 64, 65, 66, 67, 68]
10 , (100, 50, 40) , [61, 62, 63, 64, 65, 66, 67, 68, 69, 70]
20 , (100, 60, 40) , [61, 62, 63, 64, 65, 66, 67, 68, 69, 70, 71, 72, 73, 74, 75, 76, 77, 78, 79, 80]
40 , (100, 80, 40) , [61, 62, 63, 64, 65, 66, 67, 68, 69, 70, 71, 72, 73, 74, 75, 76, 77, 78, 79, 80, 81, 82, 83, 84, 85, 86, 87, 88, 89, 90, 91, 92, 93, 94, 95, 96, 97, 98, 99, 100]
1 , (100, 42, 41) , [60]
41 , (100, 82, 41) , [60, 61, 62, 63, 64, 65, 66, 67, 68, 69, 70, 71, 72, 73, 74, 75, 76, 77, 78, 79, 80, 81, 82, 83, 84, 85, 86, 87, 88, 89, 90, 91, 92, 93, 94, 95, 96, 97, 98, 99, 100]
1 , (100, 43, 42) , [59]
2 , (100, 44, 42) , [59, 60]
3 , (100, 45, 42) , [59, 60, 61]
6 , (100, 48, 42) , [59, 60, 61, 62, 63, 64]
7 , (100, 49, 42) , [59, 60, 61, 62, 63, 64, 65]
14 , (100, 56, 42) , [59, 60, 61, 62, 63, 64, 65, 66, 67, 68, 69, 70, 71, 72]
21 , (100, 63, 42) , [59, 60, 61, 62, 63, 64, 65, 66, 67, 68, 69, 70, 71, 72, 73, 74, 75, 76, 77, 78, 79]
42 , (100, 84, 42) , [59, 60, 61, 62, 63, 64, 65, 66, 67, 68, 69, 70, 71, 72, 73, 74, 75, 76, 77, 78, 79, 80, 81, 82, 83, 84, 85, 86, 87, 88, 89, 90, 91, 92, 93, 94, 95, 96, 97, 98, 99, 100]
1 , (100, 44, 43) , [58]
43 , (100, 86, 43) , [58, 59, 60, 61, 62, 63, 64, 65, 66, 67, 68, 69, 70, 71, 72, 73, 74, 75, 76, 77, 78, 79, 80, 81, 82, 83, 84, 85, 86, 87, 88, 89, 90, 91, 92, 93, 94, 95, 96, 97, 98, 99, 100]
1 , (100, 45, 44) , [57]
2 , (100, 46, 44) , [57, 58]
4 , (100, 48, 44) , [57, 58, 59, 60]
11 , (100, 55, 44) , [57, 58, 59, 60, 61, 62, 63, 64, 65, 66, 67]
22 , (100, 66, 44) , [57, 58, 59, 60, 61, 62, 63, 64, 65, 66, 67, 68, 69, 70, 71, 72, 73, 74, 75, 76, 77, 78]
44 , (100, 88, 44) , [57, 58, 59, 60, 61, 62, 63, 64, 65, 66, 67, 68, 69, 70, 71, 72, 73, 74, 75, 76, 77, 78, 79, 80, 81, 82, 83, 84, 85, 86, 87, 88, 89, 90, 91, 92, 93, 94, 95, 96, 97, 98, 99, 100]
1 , (100, 46, 45) , [56]
3 , (100, 48, 45) , [56, 57, 58]
5 , (100, 50, 45) , [56, 57, 58, 59, 60]
9 , (100, 54, 45) , [56, 57, 58, 59, 60, 61, 62, 63, 64]
15 , (100, 60, 45) , [56, 57, 58, 59, 60, 61, 62, 63, 64, 65, 66, 67, 68, 69, 70]
45 , (100, 90, 45) , [56, 57, 58, 59, 60, 61, 62, 63, 64, 65, 66, 67, 68, 69, 70, 71, 72, 73, 74, 75, 76, 77, 78, 79, 80, 81, 82, 83, 84, 85, 86, 87, 88, 89, 90, 91, 92, 93, 94, 95, 96, 97, 98, 99, 100]
1 , (100, 47, 46) , [55]
2 , (100, 48, 46) , [55, 56]
23 , (100, 69, 46) , [55, 56, 57, 58, 59, 60, 61, 62, 63, 64, 65, 66, 67, 68, 69, 70, 71, 72, 73, 74, 75, 76, 77]
46 , (100, 92, 46) , [55, 56, 57, 58, 59, 60, 61, 62, 63, 64, 65, 66, 67, 68, 69, 70, 71, 72, 73, 74, 75, 76, 77, 78, 79, 80, 81, 82, 83, 84, 85, 86, 87, 88, 89, 90, 91, 92, 93, 94, 95, 96, 97, 98, 99, 100]
1 , (100, 48, 47) , [54]
47 , (100, 94, 47) , [54, 55, 56, 57, 58, 59, 60, 61, 62, 63, 64, 65, 66, 67, 68, 69, 70, 71, 72, 73, 74, 75, 76, 77, 78, 79, 80, 81, 82, 83, 84, 85, 86, 87, 88, 89, 90, 91, 92, 93, 94, 95, 96, 97, 98, 99, 100]
1 , (100, 49, 48) , [53]
2 , (100, 50, 48) , [53, 54]
3 , (100, 51, 48) , [53, 54, 55]
4 , (100, 52, 48) , [53, 54, 55, 56]
6 , (100, 54, 48) , [53, 54, 55, 56, 57, 58]
8 , (100, 56, 48) , [53, 54, 55, 56, 57, 58, 59, 60]
12 , (100, 60, 48) , [53, 54, 55, 56, 57, 58, 59, 60, 61, 62, 63, 64]
16 , (100, 64, 48) , [53, 54, 55, 56, 57, 58, 59, 60, 61, 62, 63, 64, 65, 66, 67, 68]
24 , (100, 72, 48) , [53, 54, 55, 56, 57, 58, 59, 60, 61, 62, 63, 64, 65, 66, 67, 68, 69, 70, 71, 72, 73, 74, 75, 76]
48 , (100, 96, 48) , [53, 54, 55, 56, 57, 58, 59, 60, 61, 62, 63, 64, 65, 66, 67, 68, 69, 70, 71, 72, 73, 74, 75, 76, 77, 78, 79, 80, 81, 82, 83, 84, 85, 86, 87, 88, 89, 90, 91, 92, 93, 94, 95, 96, 97, 98, 99, 100]
1 , (100, 50, 49) , [52]
7 , (100, 56, 49) , [52, 53, 54, 55, 56, 57, 58]
49 , (100, 98, 49) , [52, 53, 54, 55, 56, 57, 58, 59, 60, 61, 62, 63, 64, 65, 66, 67, 68, 69, 70, 71, 72, 73, 74, 75, 76, 77, 78, 79, 80, 81, 82, 83, 84, 85, 86, 87, 88, 89, 90, 91, 92, 93, 94, 95, 96, 97, 98, 99, 100]
1 , (100, 51, 50) , [51]
2 , (100, 52, 50) , [51, 52]
5 , (100, 55, 50) , [51, 52, 53, 54, 55]
10 , (100, 60, 50) , [51, 52, 53, 54, 55, 56, 57, 58, 59, 60]
25 , (100, 75, 50) , [51, 52, 53, 54, 55, 56, 57, 58, 59, 60, 61, 62, 63, 64, 65, 66, 67, 68, 69, 70, 71, 72, 73, 74, 75]
50 , (100, 100, 50) , [51, 52, 53, 54, 55, 56, 57, 58, 59, 60, 61, 62, 63, 64, 65, 66, 67, 68, 69, 70, 71, 72, 73, 74, 75, 76, 77, 78, 79, 80, 81, 82, 83, 84, 85, 86, 87, 88, 89, 90, 91, 92, 93, 94, 95, 96, 97, 98, 99, 100]
1 , (100, 52, 51) , [50]
3 , (100, 54, 51) , [50, 51, 52]
17 , (100, 68, 51) , [50, 51, 52, 53, 54, 55, 56, 57, 58, 59, 60, 61, 62, 63, 64, 65, 66]
1 , (100, 53, 52) , [49]
2 , (100, 54, 52) , [49, 50]
4 , (100, 56, 52) , [49, 50, 51, 52]
13 , (100, 65, 52) , [49, 50, 51, 52, 53, 54, 55, 56, 57, 58, 59, 60, 61]
26 , (100, 78, 52) , [49, 50, 51, 52, 53, 54, 55, 56, 57, 58, 59, 60, 61, 62, 63, 64, 65, 66, 67, 68, 69, 70, 71, 72, 73, 74]
1 , (100, 54, 53) , [48]
1 , (100, 55, 54) , [47]
2 , (100, 56, 54) , [47, 48]
3 , (100, 57, 54) , [47, 48, 49]
6 , (100, 60, 54) , [47, 48, 49, 50, 51, 52]
9 , (100, 63, 54) , [47, 48, 49, 50, 51, 52, 53, 54, 55]
18 , (100, 72, 54) , [47, 48, 49, 50, 51, 52, 53, 54, 55, 56, 57, 58, 59, 60, 61, 62, 63, 64]
27 , (100, 81, 54) , [47, 48, 49, 50, 51, 52, 53, 54, 55, 56, 57, 58, 59, 60, 61, 62, 63, 64, 65, 66, 67, 68, 69, 70, 71, 72, 73]
1 , (100, 56, 55) , [46]
5 , (100, 60, 55) , [46, 47, 48, 49, 50]
11 , (100, 66, 55) , [46, 47, 48, 49, 50, 51, 52, 53, 54, 55, 56]
1 , (100, 57, 56) , [45]
2 , (100, 58, 56) , [45, 46]
4 , (100, 60, 56) , [45, 46, 47, 48]
7 , (100, 63, 56) , [45, 46, 47, 48, 49, 50, 51]
8 , (100, 64, 56) , [45, 46, 47, 48, 49, 50, 51, 52]
14 , (100, 70, 56) , [45, 46, 47, 48, 49, 50, 51, 52, 53, 54, 55, 56, 57, 58]
28 , (100, 84, 56) , [45, 46, 47, 48, 49, 50, 51, 52, 53, 54, 55, 56, 57, 58, 59, 60, 61, 62, 63, 64, 65, 66, 67, 68, 69, 70, 71, 72]
1 , (100, 58, 57) , [44]
3 , (100, 60, 57) , [44, 45, 46]
19 , (100, 76, 57) , [44, 45, 46, 47, 48, 49, 50, 51, 52, 53, 54, 55, 56, 57, 58, 59, 60, 61, 62]
1 , (100, 59, 58) , [43]
2 , (100, 60, 58) , [43, 44]
29 , (100, 87, 58) , [43, 44, 45, 46, 47, 48, 49, 50, 51, 52, 53, 54, 55, 56, 57, 58, 59, 60, 61, 62, 63, 64, 65, 66, 67, 68, 69, 70, 71]
1 , (100, 60, 59) , [42]
1 , (100, 61, 60) , [41]
2 , (100, 62, 60) , [41, 42]
3 , (100, 63, 60) , [41, 42, 43]
4 , (100, 64, 60) , [41, 42, 43, 44]
5 , (100, 65, 60) , [41, 42, 43, 44, 45]
6 , (100, 66, 60) , [41, 42, 43, 44, 45, 46]
10 , (100, 70, 60) , [41, 42, 43, 44, 45, 46, 47, 48, 49, 50]
12 , (100, 72, 60) , [41, 42, 43, 44, 45, 46, 47, 48, 49, 50, 51, 52]
15 , (100, 75, 60) , [41, 42, 43, 44, 45, 46, 47, 48, 49, 50, 51, 52, 53, 54, 55]
20 , (100, 80, 60) , [41, 42, 43, 44, 45, 46, 47, 48, 49, 50, 51, 52, 53, 54, 55, 56, 57, 58, 59, 60]
30 , (100, 90, 60) , [41, 42, 43, 44, 45, 46, 47, 48, 49, 50, 51, 52, 53, 54, 55, 56, 57, 58, 59, 60, 61, 62, 63, 64, 65, 66, 67, 68, 69, 70]
1 , (100, 62, 61) , [40]
1 , (100, 63, 62) , [39]
2 , (100, 64, 62) , [39, 40]
31 , (100, 93, 62) , [39, 40, 41, 42, 43, 44, 45, 46, 47, 48, 49, 50, 51, 52, 53, 54, 55, 56, 57, 58, 59, 60, 61, 62, 63, 64, 65, 66, 67, 68, 69]
1 , (100, 64, 63) , [38]
3 , (100, 66, 63) , [38, 39, 40]
7 , (100, 70, 63) , [38, 39, 40, 41, 42, 43, 44]
9 , (100, 72, 63) , [38, 39, 40, 41, 42, 43, 44, 45, 46]
21 , (100, 84, 63) , [38, 39, 40, 41, 42, 43, 44, 45, 46, 47, 48, 49, 50, 51, 52, 53, 54, 55, 56, 57, 58]
1 , (100, 65, 64) , [37]
2 , (100, 66, 64) , [37, 38]
4 , (100, 68, 64) , [37, 38, 39, 40]
8 , (100, 72, 64) , [37, 38, 39, 40, 41, 42, 43, 44]
16 , (100, 80, 64) , [37, 38, 39, 40, 41, 42, 43, 44, 45, 46, 47, 48, 49, 50, 51, 52]
32 , (100, 96, 64) , [37, 38, 39, 40, 41, 42, 43, 44, 45, 46, 47, 48, 49, 50, 51, 52, 53, 54, 55, 56, 57, 58, 59, 60, 61, 62, 63, 64, 65, 66, 67, 68]
1 , (100, 66, 65) , [36]
5 , (100, 70, 65) , [36, 37, 38, 39, 40]
13 , (100, 78, 65) , [36, 37, 38, 39, 40, 41, 42, 43, 44, 45, 46, 47, 48]
1 , (100, 67, 66) , [35]
2 , (100, 68, 66) , [35, 36]
3 , (100, 69, 66) , [35, 36, 37]
6 , (100, 72, 66) , [35, 36, 37, 38, 39, 40]
11 , (100, 77, 66) , [35, 36, 37, 38, 39, 40, 41, 42, 43, 44, 45]
22 , (100, 88, 66) , [35, 36, 37, 38, 39, 40, 41, 42, 43, 44, 45, 46, 47, 48, 49, 50, 51, 52, 53, 54, 55, 56]
33 , (100, 99, 66) , [35, 36, 37, 38, 39, 40, 41, 42, 43, 44, 45, 46, 47, 48, 49, 50, 51, 52, 53, 54, 55, 56, 57, 58, 59, 60, 61, 62, 63, 64, 65, 66, 67]
1 , (100, 68, 67) , [34]
1 , (100, 69, 68) , [33]
2 , (100, 70, 68) , [33, 34]
4 , (100, 72, 68) , [33, 34, 35, 36]
17 , (100, 85, 68) , [33, 34, 35, 36, 37, 38, 39, 40, 41, 42, 43, 44, 45, 46, 47, 48, 49]
1 , (100, 70, 69) , [32]
3 , (100, 72, 69) , [32, 33, 34]
23 , (100, 92, 69) , [32, 33, 34, 35, 36, 37, 38, 39, 40, 41, 42, 43, 44, 45, 46, 47, 48, 49, 50, 51, 52, 53, 54]
1 , (100, 71, 70) , [31]
2 , (100, 72, 70) , [31, 32]
5 , (100, 75, 70) , [31, 32, 33, 34, 35]
7 , (100, 77, 70) , [31, 32, 33, 34, 35, 36, 37]
10 , (100, 80, 70) , [31, 32, 33, 34, 35, 36, 37, 38, 39, 40]
14 , (100, 84, 70) , [31, 32, 33, 34, 35, 36, 37, 38, 39, 40, 41, 42, 43, 44]
1 , (100, 72, 71) , [30]
1 , (100, 73, 72) , [29]
2 , (100, 74, 72) , [29, 30]
3 , (100, 75, 72) , [29, 30, 31]
4 , (100, 76, 72) , [29, 30, 31, 32]
6 , (100, 78, 72) , [29, 30, 31, 32, 33, 34]
8 , (100, 80, 72) , [29, 30, 31, 32, 33, 34, 35, 36]
9 , (100, 81, 72) , [29, 30, 31, 32, 33, 34, 35, 36, 37]
12 , (100, 84, 72) , [29, 30, 31, 32, 33, 34, 35, 36, 37, 38, 39, 40]
18 , (100, 90, 72) , [29, 30, 31, 32, 33, 34, 35, 36, 37, 38, 39, 40, 41, 42, 43, 44, 45, 46]
24 , (100, 96, 72) , [29, 30, 31, 32, 33, 34, 35, 36, 37, 38, 39, 40, 41, 42, 43, 44, 45, 46, 47, 48, 49, 50, 51, 52]
1 , (100, 74, 73) , [28]
1 , (100, 75, 74) , [27]
2 , (100, 76, 74) , [27, 28]
1 , (100, 76, 75) , [26]
3 , (100, 78, 75) , [26, 27, 28]
5 , (100, 80, 75) , [26, 27, 28, 29, 30]
15 , (100, 90, 75) , [26, 27, 28, 29, 30, 31, 32, 33, 34, 35, 36, 37, 38, 39, 40]
25 , (100, 100, 75) , [26, 27, 28, 29, 30, 31, 32, 33, 34, 35, 36, 37, 38, 39, 40, 41, 42, 43, 44, 45, 46, 47, 48, 49, 50]
1 , (100, 77, 76) , [25]
2 , (100, 78, 76) , [25, 26]
4 , (100, 80, 76) , [25, 26, 27, 28]
19 , (100, 95, 76) , [25, 26, 27, 28, 29, 30, 31, 32, 33, 34, 35, 36, 37, 38, 39, 40, 41, 42, 43]
1 , (100, 78, 77) , [24]
7 , (100, 84, 77) , [24, 25, 26, 27, 28, 29, 30]
11 , (100, 88, 77) , [24, 25, 26, 27, 28, 29, 30, 31, 32, 33, 34]
1 , (100, 79, 78) , [23]
2 , (100, 80, 78) , [23, 24]
3 , (100, 81, 78) , [23, 24, 25]
6 , (100, 84, 78) , [23, 24, 25, 26, 27, 28]
13 , (100, 91, 78) , [23, 24, 25, 26, 27, 28, 29, 30, 31, 32, 33, 34, 35]
1 , (100, 80, 79) , [22]
1 , (100, 81, 80) , [21]
2 , (100, 82, 80) , [21, 22]
4 , (100, 84, 80) , [21, 22, 23, 24]
5 , (100, 85, 80) , [21, 22, 23, 24, 25]
8 , (100, 88, 80) , [21, 22, 23, 24, 25, 26, 27, 28]
10 , (100, 90, 80) , [21, 22, 23, 24, 25, 26, 27, 28, 29, 30]
16 , (100, 96, 80) , [21, 22, 23, 24, 25, 26, 27, 28, 29, 30, 31, 32, 33, 34, 35, 36]
20 , (100, 100, 80) , [21, 22, 23, 24, 25, 26, 27, 28, 29, 30, 31, 32, 33, 34, 35, 36, 37, 38, 39, 40]
1 , (100, 82, 81) , [20]
3 , (100, 84, 81) , [20, 21, 22]
9 , (100, 90, 81) , [20, 21, 22, 23, 24, 25, 26, 27, 28]
1 , (100, 83, 82) , [19]
2 , (100, 84, 82) , [19, 20]
1 , (100, 84, 83) , [18]
1 , (100, 85, 84) , [17]
2 , (100, 86, 84) , [17, 18]
3 , (100, 87, 84) , [17, 18, 19]
4 , (100, 88, 84) , [17, 18, 19, 20]
6 , (100, 90, 84) , [17, 18, 19, 20, 21, 22]
7 , (100, 91, 84) , [17, 18, 19, 20, 21, 22, 23]
12 , (100, 96, 84) , [17, 18, 19, 20, 21, 22, 23, 24, 25, 26, 27, 28]
14 , (100, 98, 84) , [17, 18, 19, 20, 21, 22, 23, 24, 25, 26, 27, 28, 29, 30]
1 , (100, 86, 85) , [16]
5 , (100, 90, 85) , [16, 17, 18, 19, 20]
1 , (100, 87, 86) , [15]
2 , (100, 88, 86) , [15, 16]
1 , (100, 88, 87) , [14]
3 , (100, 90, 87) , [14, 15, 16]
1 , (100, 89, 88) , [13]
2 , (100, 90, 88) , [13, 14]
4 , (100, 92, 88) , [13, 14, 15, 16]
8 , (100, 96, 88) , [13, 14, 15, 16, 17, 18, 19, 20]
11 , (100, 99, 88) , [13, 14, 15, 16, 17, 18, 19, 20, 21, 22, 23]
1 , (100, 90, 89) , [12]
1 , (100, 91, 90) , [11]
2 , (100, 92, 90) , [11, 12]
3 , (100, 93, 90) , [11, 12, 13]
5 , (100, 95, 90) , [11, 12, 13, 14, 15]
6 , (100, 96, 90) , [11, 12, 13, 14, 15, 16]
9 , (100, 99, 90) , [11, 12, 13, 14, 15, 16, 17, 18, 19]
10 , (100, 100, 90) , [11, 12, 13, 14, 15, 16, 17, 18, 19, 20]
1 , (100, 92, 91) , [10]
7 , (100, 98, 91) , [10, 11, 12, 13, 14, 15, 16]
1 , (100, 93, 92) , [9]
2 , (100, 94, 92) , [9, 10]
4 , (100, 96, 92) , [9, 10, 11, 12]
1 , (100, 94, 93) , [8]
3 , (100, 96, 93) , [8, 9, 10]
1 , (100, 95, 94) , [7]
2 , (100, 96, 94) , [7, 8]
1 , (100, 96, 95) , [6]
5 , (100, 100, 95) , [6, 7, 8, 9, 10]
1 , (100, 97, 96) , [5]
2 , (100, 98, 96) , [5, 6]
3 , (100, 99, 96) , [5, 6, 7]
4 , (100, 100, 96) , [5, 6, 7, 8]
1 , (100, 98, 97) , [4]
1 , (100, 99, 98) , [3]
2 , (100, 100, 98) , [3, 4]
1 , (100, 100, 99) , [2]
